480 80
456 112
432 144
408 176
384 208
360 240
336 272
312 304
288 336
736 80
760 112
784 144
808 176
832 208
856 240
880 272
904 304
928 336
288 368
312 400
336 432
360 464
384 496
408 528
432 560
456 592
480 624
736 624
760 592
784 560
808 528
832 496
856 464
880 432
904 400
928 368
444 400
468 432
492 464
516 496
540 528
564 560
660 560
684 528
708 496
732 464
756 432
780 400
544 64
608 64
672 64
544 640
608 640
672 640
612 592
420 272
452 240
484 208
516 240
548 272
670 272
702 240
734 208
766 240
798 272
